5.328169433236333 2.1796896948699103
9.745803644791321 4.793444377188542
8.047332531054412 11.11132067967308
-4.081703042601782 6.720314586668947
-1.1689938930152493 9.085942418675396
1.2017986518342507 7.421456872498011
8.798421994468512 13.781330284477596
5.5031975810852 7.726233942904106
1.2537510022287108 3.2586989367439174
3.577360902648227 9.766516658483482
-4.13178040702214 12.833776999986492
-3.7877811785692135 1.032538178062656
-2.2998838150167984 14.574263049789709
8.922520399110903 7.360668308258349
1.7359064809685822 13.115667231637813
9.152028114020853 0.6945708817509139
-1.6083626329412142 4.472724379813841
-0.546464442087423 0.10076080523118203
4.1765458616608075 13.959455536725898
-4.880640699776897 4.155993941686984
4.419327139815005 4.721456896116315
-4.995870639926899 9.492619577206927
2.913679337381521 0.7417209061122976
-1.9831960882820758 11.492469866212332
7.115136220216298 4.1246069561295515
0.9170599843184188 10.503450421043635
5.305194877618641 11.720307401651858
6.400636330825776 0.05915391341119791
6.42675379606564 14.983568861088699
0.31207241189525226 14.999999999999996
-4.999999999999806 14.99999999999966
9.98384110763227 9.388509003707679
-1.1664161613476756 2.3281393285949896
2.3510214475394893 5.453590771897669
-1.1429590044050197 6.8398980052455425
9.53075824842086 2.71304365549038
7.339381849913671 8.887193823531277
3.317469448851316 7.4041910573189345
0.3534968393612613 5.150520333704071
7.111813912600388 6.309804607647774
7.617639986304477 2.058509839042465
3.3846161358773887 2.8804319656381967
-0.39473473438491347 12.953403304589143
-3.1621295431932435 8.53002175895837
10.0 11.754429097276361
1.151609220554601 1.3191454830875649
-3.2341883065805535 2.952349586723254
9.999999999999991 8.881784197001252e-16
9.999999999999996 6.661338147750939e-16
