16.530730505615168
5.026972537977528
99.41699654820493
67.19352785552063
14.855352679879063
23.370651920353744
141.08315514728957
60.02369485553581
13.894081590454334
62.24173120893618
8.525850080562027
167.4396142508232
21.50087390610598
29.427803015812994
98.46608351389182
3.1863450327327634
29.186755622655546
64.54635638598322
157.69904074731443
172.6198597213341
17.6719356648634
71.71167923644767
3.5967937938491055
9.493057981464375
24.9269972483722
50.113033544858766
126.20080837909411
20.63084275009228
212.05602974179175
109.08642934523384
17.508299515775427
42.83963573755666
46.313884029267065
9.402423545496328
15.301718285916753
0.47342819074278175
72.62994397348851
28.238385823315134
19.100211994628076
42.44618929120037
12.71888657127257
1.2999297378905226
58.61715701996138
14.797290926607369
78.53141144230582
23.02462631841039
91.57062854116722
10.960889035651403
10.960889035651453
